1.393243
1.729015
1.556727
1.534665
1.517164
1.466916
1.398753
1.555381
1.517221
1.414752
1.425151
1.439314
1.421213
1.459339
1.748794
1.675552
1.570367
1.588170
1.426166
1.536502
1.553159
1.472090
1.590109
1.490763
1.531133
1.381397
1.533886
1.570055
1.593524
1.573884
1.643884
1.603168
1.534153
1.450332
1.605797
1.564409
1.478121
1.425919
1.533398
1.439962
1.443768
1.470763
1.406393
1.441133
1.444103
1.285339
1.500149
1.361054
1.408367
1.340747
1.350466
1.544951
1.421400
1.389174
1.422738
1.422461
1.432312
1.391728
1.342152
1.398221
1.406899
1.456055
1.439502
1.353046
1.393814
1.425756
1.430187
1.487383
1.416199
1.431210
1.408616
1.409088
1.336102
1.477735
1.441948
1.468943
1.777662
1.603874
1.473123
1.766540
1.702545
1.778943
1.604177
1.644847
1.658653
1.463330
2.036956
1.502923
2.118787
1.815272
1.830913
1.585399
1.440253
1.470635
1.421926
1.476729
1.401059
1.462077
1.404610
1.471837
