0.531678
0.529640
0.531107
0.538519
0.545527
0.528469
0.529355
0.535003
0.529935
0.526092
0.543208
0.546637
0.531569
0.531691
0.530733
0.528468
0.538043
0.529439
0.534547
0.535216
0.531793
0.537045
0.530618
0.531698
0.538021
0.542131
0.539871
0.531198
0.531974
0.539913
0.532392
0.533647
0.537296
0.532866
0.531108
0.539415
0.537527
0.552998
0.531828
0.530849
0.542159
0.533291
0.534204
0.542681
0.532845
0.533498
0.544440
0.532735
0.527740
0.542015
0.530833
0.534048
0.551278
0.554651
0.533670
0.532964
0.540696
0.542720
0.533640
0.529842
0.540307
0.537794
0.528545
0.546106
0.545151
0.533785
0.536488
0.538899
0.530939
0.542781
0.536852
0.528199
0.538810
0.550322
0.556343
0.540424
0.529559
0.548212
0.536306
0.532093
0.540225
0.552597
0.563322
0.537312
0.537225
0.536491
0.544132
0.565288
0.540462
0.545693
0.528331
0.534399
0.534846
0.529880
0.535834
0.533668
0.541189
0.543883
0.564285
0.530182
