0.711577
0.613019
0.705831
0.541626
0.562887
0.641761
0.619183
0.588421
0.803763
0.617166
0.726738
0.713382
0.768057
0.862998
0.723270
0.540512
0.544350
0.541928
0.554217
0.542455
0.537383
0.550975
0.540037
0.536138
0.539765
0.555405
0.539049
0.537563
0.571318
0.535458
0.537350
0.577486
0.537488
0.535454
0.577641
0.537856
0.538910
0.580572
0.536434
0.533266
0.565696
0.552927
0.537894
0.564664
0.548768
0.537712
0.557128
0.545476
0.556299
0.590409
0.561520
0.544186
0.540516
0.539510
0.553672
0.548601
0.557720
0.533367
0.536677
0.548791
0.536366
0.535409
0.548526
0.536426
0.535661
0.547646
0.537751
0.534598
0.552958
0.541262
0.535176
0.542532
0.551750
0.551301
0.537227
0.538571
0.537267
0.546194
0.536447
0.540964
0.546079
0.541321
0.538707
0.544611
0.532820
0.535510
0.548008
0.537799
0.536871
0.552006
0.537971
0.538433
0.548005
0.543212
0.542468
0.545508
0.536383
0.543724
0.591668
0.561343
