0.534240
0.614206
0.777670
0.708893
0.531182
0.523092
0.530734
0.532315
0.525080
0.529577
0.568004
0.536838
0.525116
0.561304
0.526949
0.538039
0.576749
0.523493
0.523400
0.527300
0.533249
0.540112
0.523252
0.523765
0.533336
0.524004
0.529677
0.525337
0.525301
0.533155
0.527478
0.529638
0.540270
0.524718
0.524638
0.570738
0.523933
0.524318
0.577870
0.526120
0.527237
0.575935
0.523054
0.527555
0.549492
0.537863
0.549483
0.525797
0.523647
0.533026
0.521320
0.525243
0.532304
0.526069
0.523398
0.532306
0.540241
0.546904
0.520866
0.756319
0.567011
0.528644
0.946885
0.525682
0.522302
0.530855
0.534681
0.526066
0.521349
0.527897
0.527227
0.525227
0.524678
0.527431
0.526729
0.537264
0.543901
0.528263
0.531390
0.792844
0.560175
0.522383
0.526119
0.536635
0.522549
0.532775
0.535696
0.524244
0.524756
0.529637
0.530868
0.534092
0.524304
0.524516
0.528316
0.536012
0.542571
0.529835
0.524991
0.532009
