0.525576
0.525106
0.524384
0.540593
0.522271
0.525659
0.529561
0.533748
0.548953
0.541893
0.524871
0.524312
0.535354
0.524826
0.524085
0.531402
0.521334
0.525343
0.533040
0.528990
0.535058
0.525826
0.529633
0.531226
0.525228
0.526975
0.533393
0.525744
0.532147
0.526871
0.526821
0.528184
0.528597
0.583096
0.558090
0.745691
0.625612
0.580774
0.545826
0.538248
0.548896
0.537076
0.548588
0.528219
0.536783
0.541441
0.542380
0.529297
0.533979
0.529489
0.543855
0.534465
0.547768
0.641419
0.527351
0.523238
0.546646
0.541648
0.598394
0.552465
0.537338
0.577050
0.609424
0.538827
0.525485
0.535820
0.525929
0.539619
0.633111
0.676187
0.657613
0.711000
0.600492
0.598056
0.573605
0.538715
0.571887
0.611159
0.535221
0.526427
0.576060
0.528889
0.523999
0.581776
0.528072
0.550010
0.600007
0.528421
0.524730
0.530639
0.528289
0.537672
0.536385
0.523128
0.524545
0.530091
0.527883
0.532530
0.532302
0.532250
