1.140944
1.108857
1.251060
1.163697
1.132710
1.123037
1.151489
1.099272
1.098124
1.101068
1.192617
1.411471
1.134689
1.116795
1.189245
1.204853
1.097036
1.266277
1.183387
1.255919
1.204143
1.088960
1.110790
1.092717
1.109922
1.122832
1.153370
1.116533
1.157733
1.109433
1.109080
1.163767
1.201226
1.544781
1.150487
1.120914
1.150451
1.308709
1.182396
1.170069
1.150804
1.134697
1.126323
1.140835
1.122838
1.121399
1.128248
1.134670
1.126517
1.127709
1.137181
1.131448
1.175048
1.191907
1.238446
1.179109
1.090831
1.233951
1.258118
1.158613
1.174155
1.110250
1.094776
1.100366
1.091758
1.097528
1.093480
1.092439
1.098857
1.097032
1.092740
1.100411
1.095934
1.086724
1.095452
1.104977
1.095892
1.078543
1.102145
1.095545
1.101597
1.105160
1.098268
1.095444
1.074782
1.089457
1.088961
1.075453
1.127003
1.093415
1.092891
1.099293
1.099809
1.094910
1.094144
1.097556
1.108422
1.093411
1.092048
1.088679
