1.875694
1.883620
1.880728
2.197503
2.074677
2.163336
2.028535
1.886984
1.889194
1.881815
2.156798
1.912640
1.954091
1.907844
1.943581
2.440000
2.289456
2.120159
2.058038
1.896843
1.956131
1.887646
2.024266
2.465716
2.082197
2.090039
2.303622
1.942382
2.015442
1.894889
1.837207
1.978643
1.899868
1.898839
2.035238
2.012129
1.996223
1.911792
1.967135
1.948100
2.006852
1.983547
1.970091
1.910121
1.922172
1.887538
1.870197
1.868474
1.968150
1.875890
2.200584
1.929790
1.891367
1.975262
1.962037
2.030264
2.087978
2.168997
1.979960
1.947050
2.369601
1.883430
1.883618
1.882250
2.195668
2.246458
2.741214
2.746033
2.548350
2.361029
2.001882
2.725598
2.351454
2.518319
1.885282
2.530405
1.988212
1.908878
1.865781
1.868350
1.862710
1.873721
1.872206
2.036746
1.902366
2.113076
2.015685
1.887971
1.885065
2.027586
2.031371
1.914713
2.050120
1.963097
1.963719
1.962582
1.912905
1.967011
1.937495
1.919988
