0.940102
0.949342
0.947328
0.951957
0.960543
0.938770
0.942901
0.934251
1.005411
1.231805
1.014619
1.012472
1.588693
0.964331
0.960356
1.065914
0.956809
0.934636
1.122685
0.979907
0.946304
0.931131
0.931238
0.969157
0.929344
0.931319
0.932156
0.930436
0.930060
0.934302
1.008940
1.024861
0.925780
0.970283
0.987470
1.024168
0.928098
0.926457
0.928497
1.257496
0.940907
1.118036
1.063074
0.971729
0.956513
0.939108
1.061038
0.957166
0.944211
1.353740
1.554562
1.082435
1.418226
0.950008
0.952629
0.945068
1.040613
1.008317
1.271420
1.459781
1.483923
1.463269
1.442690
0.939491
0.995223
0.942305
1.075466
1.041435
0.948771
1.152922
0.949703
0.931045
0.929609
0.930687
1.029557
1.029422
1.059744
1.048270
1.047700
1.031142
1.071520
1.027280
1.198950
1.057795
1.093871
1.047923
1.249767
1.129714
0.995814
1.186740
1.066674
0.999153
1.032722
1.008571
1.184837
1.064697
1.088489
0.979057
0.974020
1.105623
